020340907
039620050
567000234
045900006
793000815
681070009
800752603
052006700
976430582
-
758123060
096470130
314806200
000009600
600781503
083042090
800004020
032907810
000018000
-
300008579
000350006
045600201
057200918
098140060
001980004
123094607
760800402
004060100
-
809315674
140267039
360809120
001700350
286093041
070084060
050670400
618032000
700950016
-
000153879
381000206
900800134
023900000
050630020
008270390
530009602
617082943
002304705
-
000130060
073600400
806794302
010078900
708010524
062400870
080500009
034061000
500007080
-
000105908
057390016
190007040
018003697
009000450
403700102
005971804
000080701
701432569
-
970210480
004678019
010005200
046002708
500780601
080069000
892040130
400800900
760000800
-
600005730
200348500
300607012
156203904
090804150
408901267
070530021
903000075
001702049
-
004105600
001090003
006080200
000809020
905010830
080354090
508000942
067040350
000528100
-
487002659
210069780
003008000
104520800
029086407
008900235
000805000
001000508
850000300
-
070205803
030480207
000376100
023908076
800047002
497600000
708000309
010700008
002830015
-
090020068
100070000
805360070
004283709
930700401
008000632
206090803
009002000
751800096
-
810240057
256179304
000358002
100000439
938421670
060900821
000703500
080092700
071600200
-
501206090
206000030
400000100
105408903
009172504
060359800
643715089
050923000
012000000
-
010237000
480019002
390008000
124070038
500080617
000003904
053090076
940000003
071304095
-
540123698
801506003
060000451
054009827
172430060
000270300
039702105
705001046
608000002
-
048050000
062800400
975000328
080006500
009482167
000100800
856300900
090040080
204960735
-
596012780
300506029
017089306
000004070
670000402
008007500
051903607
700061900
900740218
-
070230508
203100007
004700130
000600874
607000020
849572316
968003000
000050209
052960083
-
200130800
001009034
003008152
706000900
008000200
049020003
007580020
800001300
360790580
-
546023780
018457063
030000000
050070000
089010320
724369800
300980000
060230908
001006532
-
490210578
026000001
580749306
200907165
679105830
815403790
342000650
157004280
960032400
-
070213069
201090387
530080002
040628795
085349020
690157804
820500970
000900140
907804256
-
470003006
000000183
913006200
006041795
100875004
007069820
700050610
000030079
600014530
-
590034678
460070000
030689005
000307000
706500904
300908051
643800207
800706043
000003100
-
703100590
492530000
600080034
307040905
028050600
509060082
070213460
010600007
006475000
-
172000089
400109527
956078310
247930051
680710402
009040706
320097060
005000070
090680205
-
962010578
000257000
005680104
273000961
509036082
000102053
300820647
050061030
620973810
-
246030970
853209140
100008003
364912507
502080469
980500321
700604832
605093004
008700005
-
508612090
060090085
704300160
046000850
300008001
809450276
000000500
903000410
070000008
-
452300780
008492000
910705030
160500802
007000400
509078610
020857006
095004100
604000000
-
360405700
004007056
050089000
009803075
236050010
070190460
413526890
000040530
000000600
-
100230600
030195247
029700135
007900861
014803050
098001400
001586300
502310084
003427516
-
800105607
009306520
060000143
293007480
080210350
405930000
000060904
350002006
040873200
-
950140086
140083209
002000100
206010970
009006304
415039862
504301020
320065497
698274001
-
100324800
006180200
020069305
210403900
309800504
000206003
002617430
000000001
701030602
-
090003060
314000892
056009317
425001900
600890001
180350604
060005040
541036200
900248106
-
004507068
900268453
005390007
046032089
030000716
000080342
500001604
060450230
002603805
-
020063709
819207000
036508210
257819460
461732000
083004070
608005301
390401607
075020940
-
000025489
594000700
080490061
200610874
610000900
749000610
820040350
453062098
000850200
-
000207506
000063007
702508000
045706392
906005801
000109065
607850030
804000709
010900600
-
305076400
180420000
007500000
409280000
012000590
030065200
500094032
094613805
060750900
-
302050790
005009346
006034000
007095860
560400071
400600050
900000607
000060105
000010039
-
080000000
026070080
579300260
060701003
010490670
090635800
930800700
857060029
642050038
-
812040000
409120358
005798142
050084006
287901430
900537001
098672510
060450023
004003097
-
000104000
430658127
028730465
245006001
003041582
090000300
610890230
082010000
950263018
-
000025679
000009328
270000410
347010590
602054080
081090064
913587000
700003851
400200907
-
500210000
419580273
000497185
020364098
030958720
005072364
080000400
052841039
040000800
-
803210600
506004008
210006050
000030500
308652940
065000382
052960800
000003716
600480200
-
007045800
809036417
001709253
270814905
510907082
080302000
630490078
705628004
140503009
-
810200509
730409680
600081302
009102806
156308020
200095400
507960130
083517264
401803005
-
000200070
320006084
679508002
107402006
000109043
803600920
032001400
400005207
060024000
-
405030000
000049135
000600407
047320090
930500784
856900013
509060300
003050942
280793051
-
845123700
600050081
092780305
260908070
451000803
000534100
004890007
726040050
300075410
-
061025080
020479000
070000002
000038600
637000028
054260091
700902865
285006003
940800207
-
360210007
078006210
002809500
080153974
790620005
040798600
001030006
630002090
900400358
-
943000000
007390426
006407310
074082630
600075900
000643000
390820060
401000053
060500098
-
910003600
805070000
067908150
439010260
000000840
650090713
281065400
743189520
090720380
-
700210080
080590017
025300049
000163054
031400826
000825000
012708005
800901060
003050008
-
000100690
061540730
093007150
148050973
600700040
070490216
954276001
702080000
030905420
-
080030490
400200500
060508132
124603700
309451206
600700314
040065073
036802045
090000601
-
008230000
320406080
400000325
030000054
700050002
502600070
050010700
691740508
870563290
-
040053680
372068500
080040000
020430058
754006000
009000240
207080005
403090001
000604009
-
089100500
100305820
020000000
038000901
010839002
005000300
050914207
741280005
000570084
-
008126470
069407005
702800300
080309001
900060000
000218503
634080952
590642038
007003060
-
460300079
003100265
027069010
130097000
078000000
659208037
005006000
010000700
782930546
-
605032748
000500160
318000295
180960307
036020584
250304009
070040952
409257031
020810400
-
020340080
403209165
967508203
009160508
306982000
008400900
002754600
074890050
095000074
-
028000009
005060310
900470205
180640500
060032087
502901630
010305076
307026400
006004020
-
008100040
230480701
401300082
007860009
009270105
000010030
000640953
500030270
000752600
-
001006897
968107425
070840000
400270650
002690070
010005900
800712503
100358049
053004281
-
300150087
520008000
087409000
079320800
060005732
200706904
006200378
012860500
840097200
-
000306790
900287004
083495126
107908263
000104870
698020541
409001080
506800937
002009005
-
903105087
057008219
820607005
384012906
000800043
000354021
002006000
100083000
008570360
-
163020000
097130260
280079351
020301975
005090410
019704620
752040106
030002740
901000532
-
060230804
500010203
230407056
024000087
680720300
090084600
900840702
002001000
010902560
-
375210090
460098007
800000040
193000476
000146035
506000002
904080713
010053260
602001009
-
210045600
800120409
407806050
300050016
148670003
095230748
703904060
561782094
000503100
-
597103080
300406290
240089500
000070908
612800043
879040015
704208000
158960370
023517004
-
549120006
203460195
007805302
316200074
092000000
754310009
975632400
408901600
031000920
-
032145708
900200135
510309204
020000079
080912650
369058401
846090010
201030580
003801946
-
007005000
009003000
000900010
000610004
600504701
014709568
000870056
000396040
700001803
-
000283069
800097045
037450201
150900030
002000900
609001004
003700098
200008003
710040650
-
007213698
061408000
008007000
020700540
589042360
006000012
934001706
010070080
005060921
-
900230078
060714203
203000401
006008340
459063820
007409506
600907000
500340702
001082000
-
007123000
098476003
001800670
004005768
600000010
019060000
740000286
082030040
156004300
-
300460009
864000230
759830164
175000006
090080500
486900000
030000090
020703451
000008003
-
085300096
003596270
000400015
070234080
030000042
942000050
690021030
000040060
054903020
-
400003806
708009134
900406572
134095007
206308951
580172043
041500309
690030710
307021400
-
000107000
471895360
083006157
000010039
130579004
600003000
362008715
010000940
090350206
-
520063070
006000513
731080206
040830052
253007968
060950000
300000024
400620395
602040100
-
080410003
042070050
600500042
014290786
057300400
890140030
408031007
700000010
060704320
-
260130900
007289006
000607281
400361800
013905620
506428003
700810040
080543719
301792060
-
120006090
705180206
869000315
090008064
072010980
600490170
000002000
500831629
210060450
-
100300978
000008506
805000243
008027409
509184327
047530600
004900130
031402065
002813704
-
600020480
138400062
009860500
004709250
287050001
500002874
700946028
800070605
960538040
-
003100097
029375408
174098200
200000006
091586302
000030751
840703100
907240803
012060500
-
360040790
190078060
007936025
500620079
270000641
000019253
724090006
001367000
038452007
-
860105400
090406000
030089025
309001050
017500804
006270103
901002006
003008740
000607900
-
074010008
120648079
003579124
306980015
019400832
850030496
207800601
508061247
060705903
-
000208460
090000000
020097038
430081006
000526300
000740810
806309057
070005080
950070640
-
530026008
267893015
900040060
023469580
086000903
009082600
042615879
870004050
695208100
-
050023000
308074510
071000320
080362001
096407053
100509402
710250000
005000230
040930000
-
720306000
410590006
809400050
000079500
204005609
908200003
540680100
391042800
680001430
-
421050780
090007254
758240610
130408000
080901000
000005001
060004100
870613495
510802367
-
430060700
625870100
000000056
000006090
096308475
500902630
312007068
950601300
000023000
-
409003560
325000000
801097000
130972600
206010437
580000290
000050013
003048700
758231940
-
050100069
000056183
300000245
005760020
700004006
608501374
410080050
080610400
530200001
-
310526879
050000043
782930060
023409600
070203010
540801300
407602008
891045026
205708030
-
980120007
040500008
005984632
008005006
060200005
007090314
052700483
700030250
831402760
-
030010709
076359000
900008005
020170900
087090501
000083402
102805690
060921004
059640200
-
090146857
045280060
768350124
002601978
300798040
879425013
001070400
900814006
504060000
-
090006000
040057906
765080014
206005400
900064000
453010807
604090031
520000680
839620045
-
074218039
000409600
895060100
000142000
007600321
128793460
060874010
712500894
480900756
-
000020009
900047600
304896500
126708094
059432000
040000050
600200035
200370906
030000008
-
026034089
100095600
500768200
007052001
204873965
050016700
405007198
600089002
902041076
-
800040697
769008040
301009005
006002700
284070316
090631024
402300908
970800560
000007400
-
700002098
000400507
028650103
087010065
500024801
310500900
002300750
001009300
400805019
-
207314056
061200478
509006123
725000010
400900000
690075840
852030697
100590204
070860501
-
510237090
000060354
368400217
005000786
193806025
007504901
050700140
002080070
900305802
-
980004756
075608309
040097018
132046870
467100000
598370400
320001000
850023100
710859630
-
416325870
300090564
970000030
000034905
243509600
800276301
080053410
530042090
604781053
-
000010060
105002308
600038270
203186794
400709050
800340006
784203900
030970602
962050007
-
708104590
000000000
956307000
000000689
190768020
680209100
000973860
360842710
840051902
-
780014590
104536000
562080314
007140965
600020001
005007400
006000057
950002000
000053029
-
006300049
023048700
407096123
000010008
069280004
370060015
602850437
004672501
700039682
-
700234895
590000734
480957000
300128040
260740050
807060010
105376080
970805360
630490570
-
704005908
051080020
260000015
105698743
086000000
000502000
507860200
600251809
800070604
-
830000000
547369082
921050430
164087053
000240001
000610900
008072300
002036804
450091607
-
798020000
452600000
300400728
124006080
005200600
600004000
073849060
040500070
810762035
-
830205007
471086029
000097100
027063900
103004675
600759000
980001200
004900000
052640090
-
654000000
900007005
073985426
410000690
290846317
306100204
542701803
039628001
861000900
-
065103700
791504063
382690105
006700804
207050619
000006300
010300902
570900001
000870036
-
206300008
708260140
901078326
465000002
302006580
010052007
007900003
000805270
024037850
-
200150078
076200045
050497003
312040600
069071400
400020300
003084516
001500720
600000004
-
734005009
906380007
020907103
109603004
863749501
000008006
691872000
305091000
400530918
-
560130870
290047136
010890245
000678900
080421003
000350018
002764300
046210507
071985062
-
070105480
004008527
058409060
702654300
039007605
040900712
001006870
567840931
080091256
-
690203587
007000093
003907214
004650008
100009762
309082401
015820340
936100825
002090076
-
000200006
050007400
073008201
120006937
009100502
035004610
940050020
010042005
502009004
-
703100500
009008002
002769308
208001905
006805720
005290804
004000087
007480150
851900240
-
004030007
036000419
758049326
020001865
187620003
365080100
000000000
602510700
800490600
-
050130400
401529008
700468052
004256897
002701000
070380210
846012570
915000000
020645980
-
918025400
643018009
052460308
060073002
285196703
079200681
526931804
000607290
007000136
-
000420085
005000004
200578019
364289070
528300496
071005020
409062307
630750948
050030000
-
408132000
036048192
001659034
043561789
109807000
860490200
012984006
900200041
674005028
-
380100095
640300070
509678004
150783902
090000531
030915840
860200409
003591006
921800053
-
850123007
070009012
291600305
100590800
307482900
900360004
010036548
026048003
400700209
-
050213000
600549001
030700250
300680749
806095032
090030500
000076413
000000005
000350000
-
047035080
586004107
900687025
465820701
000001562
129576803
800300000
630709210
000400300
-
784213050
201096300
000580004
045129867
920000400
000600902
010800093
800001000
400302000
-
000045867
070096354
005087192
030008070
690472000
580031040
800050029
902003685
706020413
-
009004087
100008340
000609002
067000950
054006001
091700036
740012805
680507190
000800274
-
408205900
900014308
060000024
140027090
370009081
089050000
004971830
802300005
001502049
-
730210500
192050067
000009200
203590010
684030975
901007326
817003652
025001700
009725000
-
950010708
138407069
024080013
409032801
000098624
810560907
000070080
607000000
083900070
-
814030600
375009000
296487015
150803060
002094000
480100032
741062090
060048720
920301000
-
030024507
010080069
000060010
005940003
048017050
006502001
261070005
050491026
000050130
-
057420000
036000240
000709000
064380005
380500720
001290086
793801500
028905431
400000870
-
840002670
200650080
196407000
378020046
600904030
450300010
920006357
500093000
760215098
-
804000060
320090718
001008234
236007800
057309021
100506403
500002900
000061302
000035100
-
004120008
123806574
069057000
395240080
280709451
410560200
038900005
001070800
942680010
-
962135007
040000005
030080020
200000000
086002950
400893000
621007003
504328600
000641502
-
003124869
890000100
000690570
010849050
309056710
005703298
020960430
930000620
651000907
-
092100570
010020640
640580100
020865094
076214005
080090201
031052000
259638000
060901052
-
027314000
080096000
109780000
300048001
045109000
908572406
704961382
096020105
231057690
-
190050600
250008004
073400000
002745009
465839000
987601540
030967420
029384170
000512006
-
203005600
140627009
000809200
300000460
500000800
481960753
610053008
070091340
932086170
-
050130700
600007000
780000030
068001904
243900860
010800300
096040107
004098003
820713009
-
800030769
064000008
197008005
200387950
509406070
600295801
000743612
430061580
700052304
-
504026079
709083250
326090040
130209007
205000003
400300592
600000080
900870600
070045020
-
608100940
129070086
754698030
005720800
080940005
970586324
040010758
890400201
500007003
-
059010706
081470095
060580041
146305870
000000419
897004063
632940100
904050600
578600900
-
401060000
829007350
000000000
005738640
306104500
140026907
984300005
012045003
537080190
-
004003879
029187504
000009102
100048203
438900000
090000080
052316008
700005910
600790305
-
086034590
000070200
052689100
215408000
007026800
308700002
070000605
043800719
000010083
-
050102000
016340285
700000064
000720090
345891002
209530800
503409010
000005029
007200450
-
470216583
100300900
523080104
200600091
000000306
008093400
700468005
802500010
360000748
-
000246579
906500803
720000000
162935784
094810602
570402001
430628090
000093248
209150067
-
000314090
004208130
061079824
020930048
030000972
080702361
008053019
703821056
015000200
-
006324790
090100206
208679150
400700569
070016042
869005371
083062417
041890003
027400080
-
000123400
052006107
031507620
040000906
100000042
268049010
084630090
729801364
603000208
-
380000450
000040060
420509000
000000024
200794581
948120036
871062390
594831600
630007148
-
000120409
027059186
001000030
109032058
605800920
280500004
006000001
914000062
000000507
-
820100070
307209000
401800002
030790546
948560000
506300891
000607080
084925103
610483720
-
305172480
209083167
817060250
073095800
020700306
090320045
000050014
000000502
954210030
-
000020097
076000000
300087056
604005830
730910000
005034710
203761040
001000073
060543281
-
000014379
927360408
000000600
079403801
200090700
310008940
083001090
192630000
754002106
-
340156900
601200045
500348201
000709084
800030120
400000639
004000010
200401890
010900456
-
347102050
500700004
906008037
102890045
080056301
600001080
491083070
000900003
000610092
-
500102968
819050007
264789510
306007104
000010736
170004009
040075800
902400075
701000000
-
035206000
006380250
082470163
050104098
008007030
000803712
573008001
000740385
000000076
-
749052600
120004000
300000412
256408109
891020000
407916805
503600040
004080091
982541736
-
251346078
367020000
004500060
120095400
546087390
080410526
905108040
002050039
408032015
-
504007009
730680000
010090370
200708930
103950720
908301604
001864207
407010080
000000010
-
006000093
002048060
835700400
014527986
207000350
659000004
021904678
000072040
000001200
-
006050490
971080563
435670000
140507839
090842610
008030024
080490051
250018006
614300978
-
132040009
076100203
000372100
308007501
205401087
701835402
980020605
004053000
527608034
-
009013008
386407109
210890357
147600095
003000000
605148730
052001080
031900246
900304570
-
000051670
000002005
050738102
125079800
300080290
800046010
030910720
472003900
961000430
-
000008760
708000034
204630000
026701005
000280096
080346170
603002900
000914603
041000027
-
007250694
600719208
020460070
206945387
000680001
090030502
530024000
700506823
062000009
-
060120003
000350600
020069000
416000805
035870960
007000002
350000719
981740200
000931500
-
100200840
500010369
780640005
415000670
079084030
230076000
020450000
007961420
000023001
-
350400069
642089007
098060034
000096070
730005900
509000641
900000412
074001093
215934000
-
389120600
056389040
210056308
005008930
060901800
090002470
031205084
002007060
500043210
-
025007806
743608120
601240075
030904500
150070294
060501730
070095600
390012407
010063900
-
093004000
428050610
571600340
005002987
019405030
080070451
064800005
000040060
830500090
-
490020700
703018260
600050040
104200007
000193020
962070000
075040600
216500094
300601572
-
001540078
695208314
840000256
108000402
359402100
000019583
013964020
020005741
584020009
-
904216308
080340200
000008045
109080452
567020980
200053000
075000019
012509830
090001024
-
004030600
510640238
063089415
100800000
000460753
350070041
405300100
000008064
670094382
-
361200897
007090406
000008003
270031085
100562070
540780001
084900300
710806549
950300760
-
000023080
000675040
037009006
498000520
170054000
300000018
001732004
720901805
060048001
-
954026008
080340169
000080000
120000046
400670002
690010700
879060030
063850491
000030607
-
026105789
400080056
005367001
148920600
039006018
000004903
704000002
000030500
013500064
-
206030005
080279140
710506020
000397804
378460900
600812503
400753289
007004051
902601407
-
060203400
100509637
000007015
259076040
310050900
846102573
400000050
000020084
080000762
-
738204650
509076284
006590371
470153060
365480000
891762405
600020003
000600502
100840790
-
009014500
250038094
000070280
093080402
060020009
010400005
800950047
630701920
904000350
-
000030074
147560029
205009008
400020900
300705860
602093040
700980035
000010000
000057086
-
025130768
613780495
000500103
240017086
038065972
076000341
392001050
850049607
700003019
-
906012007
081090040
547030092
060000000
400080060
005060009
019050408
320941670
700826003
-
003200087
615300200
200649001
108050963
304102875
576903024
439526700
000894500
002000096
-
250130789
890045316
361000045
400001008
000082003
980300020
002708930
030500862
608920007
-
507123490
600457010
004090375
706014082
032009750
049502631
308941020
021005869
970200000
-
000010700
704305201
026009054
007053986
963008010
518002037
895421673
630500109
071900000
-
060000400
910450630
080070205
000000508
450100000
739006100
240060791
071092050
805741320
-
097014060
600008009
800006020
450003806
102007005
078960012
201730054
040850200
035600701
-
906123470
050640109
000005006
008007000
605430020
090200040
403850960
529300710
800070350
-
260005870
009040360
750080100
300104098
406830010
010906000
608591043
541703980
030460751
-
082145000
074029100
016000200
128000450
009582060
607491023
790254000
843000502
265007010
-
184523670
009461380
600700004
010096050
038215046
506074200
921007030
065148002
000032501
-
000030508
508009002
203008000
429516780
130807000
785000060
051374020
690005310
042690000
-
200049000
904070050
760500290
342010078
090407006
006008009
000865902
823791645
600204700
-
000025097
025609800
010008025
057810962
092500738
308207501
576902103
904701000
080306070
-
200130860
000008340
004607215
000845970
495200008
018300024
002780000
570000082
800002090
-
002000070
700129308
409078000
180704093
000810057
627000000
560097034
908650002
070081065
-
006100090
100408000
720690340
000309470
400581930
030702056
300800000
000206084
002050003
-
078020945
405609037
290570080
306000000
740268050
080037020
104000809
962840500
050306412
-
000345869
085006307
304709150
030071486
450030970
001800503
892463710
503000608
016000234
-
279105000
030082094
086307125
105030840
060020013
042518006
000000451
050201387
010854260
-
401203009
000400200
930680145
006708951
000005067
157964300
704890523
090302614
003040708
-
067100304
301456720
028090100
156009003
700608901
289030006
042803519
873905602
915260800
-
094103008
000470209
078509400
145090006
026800003
000000000
807630042
013952600
002700305
-
080320600
000501809
465789000
010007304
302906000
704100260
001800406
036400508
007015002
-
300010069
001009208
750268134
023040687
065873000
970106400
000602000
200031046
016000302
-
000213080
058460007
004578360
003080700
500140036
087932040
470300058
930801670
801004920
-
081000070
040092000
005006020
430070850
109058047
008030902
810007035
963024018
750010096
-
600712009
103495670
902608500
010000800
540100020
000284700
491006230
000820095
800043067
-
786124090
004007806
051689004
109070538
000593000
003840720
610438900
030005000
890000000
-
000123456
050080193
100450207
000000049
208564371
304008625
035246000
820700504
600000030
-
070140060
000700084
043500000
187030005
360057001
020000736
795000010
010305600
800900457
-
080003075
040070310
713500000
350091608
027400531
100352094
870204053
432000807
000830100
-
600102580
548369020
000587300
790400060
320000010
800920734
003208691
102093058
085010273
-
000300079
019058000
430600501
370206905
100000060
600137040
040761090
000504637
907023154
-
300006978
017483256
082500310
036000480
124978560
098004120
200039640
469751000
853002700
-
908120000
070346850
605008120
156079283
782500900
090201700
503817402
029004010
017900008
-
106040500
098053246
002609180
009380007
003010950
817960020
005726091
001034060
000800005
-
040503670
071090050
305004900
456328010
003059000
980000500
024905007
508070002
600000100
-
006024793
017390400
094708210
009512600
100630040
702400530
601003000
870206109
000071300
-
000123060
310580470
068740132
259017046
106005327
704860005
023008051
605001704
071650000
-
500020700
103470006
900060010
000214607
407036200
060700830
649000100
030601075
005902060
-
006040700
172080394
480370016
009028007
604713050
807960020
900050038
250034070
763890040
-
306140580
020006401
140700006
570600000
210400860
604090700
061204000
402013079
083000024
-
090004007
160000305
004000109
209003000
000027938
483900270
807350690
630800714
001740503
-
040216089
216090040
798005120
000570013
009100004
137064952
920657408
004003561
600401207
-
301060000
470180000
000000140
528006000
694300001
000948560
907020618
845001093
000890457
-
040605008
980040005
560003104
100406900
430070612
670200003
010000206
200010079
893000540
-
648005009
790000050
051600284
000100007
029000038
867400000
570940801
086700943
900836705
-
418200769
567140083
903768514
049530876
780904002
030087901
052891400
001475000
004306000
-
109040007
006007000
270000010
300190070
705834000
401050003
017080630
803609750
052000000
-
180504079
007180035
030270180
000067900
001008400
948300560
716805300
394712800
820603791
-
002100040
170452089
065709001
006000710
098014320
300208006
020900870
009020100
010803050
-
000120300
000604070
100390425
405000060
000060043
390008000
653000200
710050634
020930751
-
100039400
308105000
090800501
407908000
912650000
005004010
789562000
601793820
023481900
-
950020068
040360000
100579234
006001079
419002580
070006000
600007053
301690047
507083020
-
090200400
520048001
401065728
060000903
380190502
945032607
200089150
819504236
654300809
-
000000708
207158340
038690102
020001576
080075924
700260813
906532480
003800201
842710635
-
000102007
003060259
508090416
009710048
056829001
781004600
817040905
640005170
005271864
-
960243087
032007400
705809020
004008206
009620700
270504010
000085001
003016800
610070905
-
400326758
620000900
037891040
040679005
069100027
700030691
870913560
950760184
200548000
-
054016098
108090200
026078005
003625970
000180504
019340682
795004120
801052060
040000857
-
840103790
005247000
030598026
516432078
370980050
289000630
001374580
450829000
700615302
-
028000700
700429000
930000002
143078925
876095030
259300076
085741060
600902308
492003100
-
092130008
000259004
431687200
103400860
680570012
200800300
900740003
045300790
327010006
-
800000706
604501308
305609004
100090480
200815960
000006217
702100809
413008502
008702630
-
301040008
008169234
400370009
103400057
080023000
000801000
010630080
807000602
040982103
-
000020090
004080670
000009043
208670009
407190826
603208050
040000360
080000900
361007084
-
032105080
040070935
065009024
008030701
090007800
000908000
009720510
024591078
507863040
-
076023504
004709008
100548000
090830641
610092700
048671002
000200807
460987105
000056400
-
006234089
034150007
092768014
240610000
310820000
058003172
063041000
420006730
985072641
-
037014089
080390010
219050340
074065020
100809764
608742003
003020891
002971430
901080502
-
800105670
573000080
016000203
000004020
009021347
024090005
300750460
400908002
080000591
-
230145008
475090106
100670240
000057819
309080000
080902000
853704920
001520380
942000607
-
040213500
000056378
060000400
408760050
090140237
072005006
701304680
954000000
080507104
-
138054070
670809305
500007200
705302090
040068700
009000423
000096084
000001900
900023067
-
410306908
000029300
396407125
045003682
863010400
279048000
507000064
030074059
920805700
-
607130509
000298040
894000000
089407030
073020810
005001700
538702960
006053402
700010050
-
906100085
052080049
380695127
200001800
518704963
060038012
041079000
723806401
695013208
-
060100405
010076398
305489026
150290763
200060981
690010204
521048039
084632507
030051040
-
040053067
000000005
500682109
354008970
006470352
092000401
901307520
000905010
400001003
-
102000009
934008700
608092104
243001000
597000300
006009040
381957000
400823000
720100890
-
096120000
720809310
008460090
002600507
860530901
940708632
089270000
653080004
001045000
-
905130080
074200095
601057003
597010860
008000700
000768054
806302019
009645278
050801000
-
000250078
080069050
925701634
150948007
309020006
078506419
010093005
560872103
893615740
-
900120800
008065079
060800152
000700900
450080720
086290534
630940200
090038417
800000693
-
001230090
085400300
009007045
734002050
890543700
106709423
040058100
000304970
023601584
-
072040069
040308007
806729005
030000008
007693050
064280003
600002700
798510030
403806591
-
074002089
000040127
001607304
120030098
400070510
300105046
010003472
040961835
000000061
-
000010000
403700001
000480000
584032796
000968514
096504820
072305040
941007600
035641000
-
908234560
524100089
036589402
140760000
203040671
600001000
400398156
390007240
060000793
-
489100076
032600049
007040830
210000954
903001760
670059320
790286003
840513207
320790600
-
701325000
090147085
250698000
408560390
009200850
035079002
817402900
043006720
062083014
-
542036000
000008300
000705241
010807500
658340120
300251480
036010850
900603714
000502000
-
983124006
005000320
762305184
120050400
308246900
049000060
030701092
201000607
607532000
-
930005687
060300100
170609324
418030069
007896402
090054708
000060003
603728001
001040206
-
637000500
800379406
010658207
005003870
090087004
000002053
540936780
060020045
209745300
-
305040000
640079003
087503060
030005004
059007028
074092001
423001080
501008349
098350010
-
720143060
089050000
310689052
050900008
130720000
400060213
060570900
072000305
501008007
-
003065000
890307405
060080020
156708942
079604831
008200570
604003000
582940300
937012054
-
360015700
001300500
280090304
030100900
009738000
570020001
600842107
842001650
007063248
-
020130000
150090374
490067000
000400807
005000023
207080901
072801039
080953002
004726080
-
302150089
084079006
579638024
236080901
401326570
700941632
025890410
040510807
007000000
-
870000569
654839071
009650384
005300006
300714800
728000000
961283450
500060002
432000010
-
001246007
700153060
020080134
430800796
070964008
069300410
648037001
210408005
957020800
-
310526790
780009200
026400000
100203967
560004802
003000514
079040103
001302470
000700005
-
148200069
000109400
790004128
481000275
657800943
000745080
815402390
000950710
000003854
-
439000678
201476305
576093041
347010000
092700003
000060000
000080000
760951000
815030760
-
002045706
009073058
751069034
000528973
308017400
075390000
087006312
010902080
023000049
-
627040500
840209016
000078200
058000901
060801457
470005832
102006370
506080004
034012089
-
000027008
070409203
090003010
280001506
015386029
700245001
006702830
341098602
827004195
-
215340897
684001035
370002406
067803951
090157600
103469002
940670300
526938104
008004509
-
010037600
007009030
094000127
500190300
138005204
400380000
052040063
000050940
743026801
-
400210000
020009360
908046105
004090050
307402890
069583470
802004900
700631200
043000510
-
020037605
678050301
153698042
009240006
460089013
280000054
741903008
502070469
800024100
-
540307600
800010307
000008100
107083904
006040780
008700210
710900026
080002001
620001000
-
920406070
604527100
751000000
007060900
400000001
000374082
300650004
500081067
000700200
-
278104600
160090304
340608102
000521000
530480216
002700805
050000008
804300000
021800793
-
100005709
390208000
048706000
000120938
001059627
030807140
010000003
053901800
860040001
-
059032086
000060070
300000100
005320897
803600040
047085360
000746918
978251600
000800720
-
826103097
540067038
137580006
000950000
710000040
200004301
083700014
471390005
002000870
-
000000560
067890320
201067904
300029700
009078005
002045000
706000050
420750190
900402073
-
296315400
000000305
700849100
100090036
640083200
000000907
532401089
901638024
864050013
-
007004600
430001502
209607140
004570380
698203050
700068020
300002065
045030009
960005007
-
090312708
170568290
006497100
300000906
610980507
050240000
900621030
501009400
032754610
-
620317098
070509063
000040170
006020009
001930750
700100304
002000000
000090532
013652980
-
000108090
000500260
900046057
103064085
206805370
050703040
405600709
700450006
080037504
-
105037960
904108030
300295017
200300046
000542780
007806300
051024603
460901070
090083100
-
023504786
087063400
000809200
516030870
470090021
009100000
040900000
360708900
705306008
-
075410890
003258047
008090320
356100070
820900600
701000002
089720010
132540700
647031250
-
802004000
135070089
060090213
203005094
500937601
070040008
380700905
004059100
950003070
-
104203096
780510304
230648070
301900760
560032000
000107503
013704089
000026450
000090637
-
602030800
001284607
030090241
465000902
189725063
020009150
800652704
006001029
004000086
-
000000000
180379025
509428060
037295681
695000230
010630590
763042018
904701306
851960700
-
260007530
085269704
170058692
510602900
690470025
742895300
021783456
000510209
056020173
-
187000096
006175420
052600103
030000684
014060052
869002010
000906731
600010209
000020060
-
400023050
025080103
000569270
090608735
001702086
760090400
007030809
840001027
900070500
-
002310000
049500380
305700102
016209038
204005706
097060051
078931600
050002073
923657810
-
400300708
300004006
500670040
000247800
700916052
290008401
600000010
817492635
900061280
-
070100850
060358049
040000023
050006937
007519068
009400015
006080390
700000000
008030671
-
500032007
870009120
010408069
127300084
950004000
463817902
600703290
285900730
039256408
-
205034090
340190600
076005043
103400056
069018372
807006004
092800001
030961000
081040539
-
000405008
000380020
058609040
027160009
504290836
080043170
762000003
930000284
840930607
-
052407698
403008027
790002003
205980470
009071000
817250009
500800006
300715980
980620710
-
600040397
032609005
740000610
300020760
806034021
200510038
423007050
581403206
967251840
-
287010060
010092070
954768213
400607980
008150042
190004050
021583600
500200007
803070005
-
010306090
050129008
046007003
025418970
480003002
691200000
832094001
100002000
060030200
-
740120000
920007104
000000000
076302000
000070906
009061732
090283040
005704020
402059307
-
500200479
730040268
402670013
050037006
367495800
900806035
000050604
620084007
045700392
-
040130087
105070000
070498201
200009004
738210065
409067010
321756408
507843000
060921073
-
690120587
704005169
105009204
000007498
000956020
070410006
407592013
000701045
050840672
-
502003790
307098064
980075030
070509043
003060009
890002670
720300400
400726010
651984307
-
620034579
050207640
090006201
060470000
700852304
200009150
936708400
040913086
071005920
-
500204607
400538002
821679035
000702956
009156074
600493021
906307000
350840700
708065203
-
300004080
060300010
100698307
204000970
001702003
607849521
423000760
908200004
010483095
-
004306790
700290005
008407060
200005000
135809604
000604500
087900052
602043187
001780000
-
030406000
580070236
070080045
000217609
019503804
007000012
860000001
023800500
001605080
-
174005009
359008274
068940010
405720036
783001040
906080750
000300425
532890007
007000308
-
309400005
127300089
600790032
418250096
073609000
090000024
030900568
945000000
862500040
-
362410700
005809623
978026410
216543907
000600001
530000046
701204030
090731000
000900000
-
015028400
043105000
006097103
008200600
400076801
079003002
590602308
024781905
060530724
-
081304750
945000203
372089000
034000970
000400031
090703624
410800092
853900160
729650300
-
087123090
012059038
309070052
040030981
930000276
020890003
074982005
091345060
800761409
-
009060007
065007394
380590010
596400830
008600900
731800642
012900000
004020000
853700409
-
901300648
006718039
085090017
060100953
108203764
004007001
043000096
659840302
000000405
-
625140000
100208365
900607024
016400037
358700090
000030000
000874602
061025048
800960703
-
324156000
000400061
060930245
038060017
000317650
001890420
003000086
806000092
702609030
-
060200000
000009400
400070190
230000004
070000030
058403001
740800019
090041205
501962000
-
008004607
460000200
021800430
085060973
000700052
310259060
840510700
000907080
900682541
-
000406000
048000006
760000421
000084005
010005800
080127600
476058913
891700000
300001060
-
003100809
608430010
790000304
236000041
079324008
840910230
567842093
380600572
912753406
-
608300597
510208463
040000120
056109084
701006000
093027001
000960270
000450810
065782000
-
000420006
060300240
027080005
046108953
090264070
080590624
003000090
072900038
904030060
-
638152090
009370200
002680103
105030924
300908001
097540830
050203709
400090600
026407385
-
040006798
060030005
710049236
300701054
070300801
590080307
937600540
000000009
150000080
-
007034000
389650700
620890015
075068403
946375000
000000506
462013007
090046230
700902000
-
725010698
360058040
481697350
000100920
106509830
293406071
052001703
907000460
804705219
-
057000800
020000000
000006120
040153086
005600900
700908302
561892007
378460219
492001560
-
700504080
800276104
463891027
240309000
158027400
639000271
372065940
014900000
006042015
-
700053409
005060781
040080000
004001006
150900073
097630140
400020590
000090200
900004637
-
015206700
638179420
000485010
102760804
060900150
890501603
006300500
001654908
500000261
-
370010080
048003067
651708200
194035028
085174936
700009005
827060300
439080601
510007802
-
200046758
800207109
675810240
043600075
567000090
928470631
780000016
006900300
300768000
-
408103009
030007105
097005300
070214806
810006070
600078001
000500903
942001058
500809207
-
000023460
843170090
000800000
080307905
000050700
590008043
008700050
012905000
059682134
-
706103009
500608320
930500600
167200040
304807290
208406710
009782034
870041962
003960178
-
000457800
006019000
000030000
029000086
000000903
750396000
001800205
835020670
470560098
-
000010370
731509280
904078005
100043000
396005400
408906503
680001732
010030900
000600001
-
705213469
000000238
306498571
200730000
009120680
000080300
000601050
500802106
801359704
-
060103708
100498006
003570004
300040025
048050079
070062103
052607980
009010530
701000062
-
029410785
060009200
008307000
046175030
173698450
005000070
007901024
912000368
030800010
-
005034697
609580034
004010005
018900043
047100008
906478521
060300019
051892306
803061452
-
401000908
007698010
020000763
108300090
002406085
506000402
694703821
713802040
005900300
-
002034560
850209037
604078200
000020000
000390745
090087600
003006900
700003102
019000300
-
508030709
004106005
730050210
105000000
003580071
097400538
052048097
049317002
001020003
-
710004509
648100030
925376000
060901483
159043602
304060050
876019000
500407806
431008795
-
008103000
002946758
964075200
000507830
800010670
050608921
743080069
280300107
690704082
-
603002780
580304602
020008540
038745000
050009301
209100000
005826490
092400065
760950038
-
102346590
054019270
980527106
060004381
000000900
008030752
009163007
836972415
720450030
-
070000850
304190006
068207010
105072040
426509031
700401005
603024000
092705003
007860090
-
047100900
689300172
301078460
100040000
008710594
400260781
052007306
734600209
906530000
-
700304956
000800300
090206410
005090261
276103000
018060700
051420609
607930180
000080572
-
000070000
716849053
020356140
205060001
100027536
697530428
501004382
382605090
004003610
-
740200698
830000720
652098004
160070000
405060370
907034000
508320940
000605217
076040000
-
430010089
019700306
700040100
103020908
050008473
090430001
375964800
024800630
001200094
-
063400809
000390600
914008200
200700940
006289731
079134006
007801395
008900062
095603480
-
071020008
403786029
682510374
090003806
830000010
200100503
016450080
000930265
029060401
-
518304600
040190003
309007140
480210765
172056394
000043810
260080000
901030000
830071026
-
000026000
007158600
008007025
310905070
500001003
709080250
401802097
073000012
020004068
-
000030007
067019005
003060900
100000060
059180300
700096541
000903400
946851703
000642108
-
060002048
000605001
035748629
046079010
070000902
090080700
020867003
817003200
600020007
-
983100507
720000009
601700002
230400706
100900285
000000000
495218073
300040058
006390024
-
000000008
906037000
420890700
054310807
160000325
738002009
873560900
000983106
690020580
-
050016970
070000016
180000042
400057601
500460237
700123050
037809020
810600704
942071003
-
005200000
378564210
200789050
680192037
050478902
020300080
700641095
009807340
840005720
-
010420609
600100200
020080073
037540060
000369710
090270405
080732046
374956821
560804097
-
305010700
097050160
002089000
030240971
401930000
050067040
006001005
003000400
900023687
-
890302047
200568309
301007628
423070985
080209001
910043702
530020000
062730894
749000203
-
000005098
053069000
409008053
000517000
905403000
170096500
002954861
541600070
008001420
-
210300780
800017403
370509012
120603547
509074321
437000000
740968000
000402078
080050004
-
060042000
070030001
020700369
080504793
301600052
750008406
800060900
405297600
690853074
-
940026780
075004060
002007309
107030004
030000070
489710603
300070298
028061407
794083510
-
108230467
305007928
004689035
479823601
251706040
030150002
900300000
610040309
503960274
-
604150009
500309060
090048052
010080597
849517623
700000018
006005831
901800200
000200905
-
030102408
100000250
872450100
000047080
400306520
007000394
308604705
910075800
700013000
-
000142000
412705300
050000204
006037850
070520690
005010700
530800006
000290475
000050030
-
000640798
580103246
070208510
040567982
005032601
600810435
050900064
968004057
004050809
-
302004690
749200085
650790304
105600908
006005470
030810562
078060240
260083009
903000800
-
720030659
306009000
519708040
000520007
050903164
090607025
000010000
002395081
185002036
-
207000068
046078090
830095004
358419672
670380000
100567309
702900030
465820910
980701206
-
570100000
200008507
600050020
023000906
706392814
004710052
907000235
410030769
060000401
-
005108007
010700850
987006000
120500700
000007365
500004020
749000002
601040578
052001000
-
100020500
802050300
043608000
310006790
200703650
700000000
028467105
001032804
000015209
-
392410078
060080190
018679030
240058010
750130086
830006900
675890301
084300509
903561800
-
207000090
000009100
519786400
150900080
070038951
890605740
904060307
721093560
360002810
-
000204097
946100238
032068045
274009300
003050074
560307802
400000760
010726489
007483501
-
460120059
070004002
215008374
126005900
398401725
540230000
680940517
900082400
700500298
-
703000596
005360201
010090070
208600903
359008002
040039807
521900038
830001649
900703105
-
600000009
071850200
092307815
008673001
004001600
900005030
067900100
820016900
040732506
-
587102694
001090080
200008030
005000006
623740001
840500307
008054060
956280403
432960578
-
602003704
405287009
018006030
253008607
840701590
079500003
580309400
900000321
327010900
-
038000609
041309087
260000000
053090408
087000930
924035000
015600090
070901560
090250070
-
900124605
002030719
000007302
084752900
270040050
009600407
000005200
860003074
420806100
-
502006709
070000154
000475200
200508490
010020578
859607301
085760942
920050630
004300005
-
065100300
890050620
700069145
247981006
156003700
309005014
004592800
573010960
928000401
-
350600700
068000200
207500103
120830904
030007520
475290008
003006802
000950317
792008056
-
900030670
807050420
462000310
143502007
079010000
580009201
600900000
000305890
305001000
-
135000600
869000254
704605308
216000003
450230700
003100000
382064105
597813426
600752800
-
607230098
000010060
042068013
100002005
790153604
206804001
800021040
020046879
400387000
-
004128000
000000470
005007082
408231965
359800214
006095708
693780520
142650000
587900346
-
738126495
400035028
002090637
100300006
209810500
873509004
601000300
000203000
320050000
-
600120095
002090600
890037012
217860000
340000050
580010020
020906583
000001000
000052140
-
300010008
802790436
947680002
120308070
608007924
075260380
503800049
791004063
084030150
-
037210609
005603847
469000031
043070906
058100004
000049018
390406085
600700490
000938100
-
900030057
401270009
370569800
080021900
104090608
093000100
600913700
000002590
009800000
-
000073080
000106274
062008100
240030098
800564000
057002436
470810362
030627000
608305910
-
009000037
200060094
347009160
120095703
090076200
704000900
000008029
008040305
032901670
-
701503009
000048307
385079214
120000040
576310090
094005030
018900470
600481920
439000008
-
008000450
231040089
060070020
050020800
603000510
407010092
000354071
740080205
310267040
-
490030560
000407928
607580104
003000040
000300600
706001305
371045806
000810000
862703051
-
000153867
100728409
070004020
001206984
207810350
006405071
053901042
984502713
602300598
-
060123040
284069130
501078069
148630925
750004310
003905004
002890700
000701082
076352401
-
180245679
600107400
040008130
000600890
578001000
036870504
307010008
860320050
001789320
-
207134080
953700140
004060300
030040002
572080401
490207000
685000713
701300208
009871604
-
000103400
937506000
040007500
309462850
285009603
076058020
501004002
804631090
700080000
-
300100058
004003029
260095034
002007940
600008017
037519802
043050200
956000480
701030006
-
460120500
000540609
057000410
702306908
594081000
600400051
800060300
970000004
346015890
-
039510608
000000013
167300005
000082769
602007034
048000500
000001457
873645190
000720000
-
508403007
000000301
690710200
005289700
286374019
000056800
070000408
452800906
869507003
-
520103600
700090000
310500200
000026097
000430080
605010420
003080052
852070061
071000004
-
085140607
342576109
070300205
214800900
030700008
708901402
490050720
520000000
800097304
-
060120078
108600029
073000000
300008067
590732801
000069250
630085190
810900730
000370600
-
923145080
105060390
006389000
208014956
500093002
070000001
610008720
000032069
000601040
-
003045708
000008951
000076000
279054000
008600009
000392000
452009013
600000874
807400095
-
001206500
020013096
700800030
140002007
930185000
502407019
278030900
409578063
650904081
-
004036089
205410637
000587201
040805790
627100850
508670012
071300064
402960175
956040008
-
000123050
607004090
000900400
008030200
290708305
073249001
001450938
032800010
809300004
-
700003090
205000080
040500200
138072005
002005970
079048021
900000002
650720810
820390006
-
541006879
030009005
906457020
100560002
054010680
629800501
092341750
463000900
015008200
-
692037005
587026900
130009206
710000000
000008547
408975000
001702064
900004000
243001709
-
130240090
420190603
709058020
310024006
850600209
090830701
001069308
980712005
570483012
-
328400700
069073084
417509300
000000060
645127038
090864502
204008071
850000293
070032000
-
912406700
400070001
080129000
127005003
350002497
049067015
090700000
038000176
270081030
-
003000580
802050364
500370029
104983706
300600491
690004830
000561048
400832905
050400013
-
062104098
040782500
080056403
098073000
000098007
376000000
854029100
701005030
639010054
-
461305008
830060245
527080010
075940630
640000507
093500081
900031000
012690053
004000160
-
000100890
019300425
257080603
123806004
500940001
000200008
430690700
002014300
005032049
-
475120000
016008500
839000260
300270904
190043002
024069010
001402800
742085039
600010405
-
124038009
603210400
080604030
045100020
006820304
298006070
031052087
900780000
807060912
-
162340509
403009200
790502000
210470908
580006000
340090006
000901002
900030005
035720891
-
050000007
170682045
000475029
018927450
007000000
046000071
064703208
805200760
721064003
-
080140697
000280130
407000200
546032701
123478060
000501423
051723006
060800375
738054910
-
000236705
906000420
020849060
015900074
200460301
400073952
650391807
740008000
893024506
-
000316509
008200010
100084276
084023605
019765840
026048700
040050103
835001427
261407958
-
000004908
140590007
893672040
230149706
470806002
908050000
052983000
709420653
000060000
-
040206790
627008310
908700026
170305840
000009003
003807060
804672001
205004007
700031200
-
300015067
520000100
710496200
005600008
080000046
630980502
000860030
062031000
003040620
-
007030600
382040107
001090352
008700004
005489013
000001580
819270000
523000800
000908030
-
154236708
089017064
760040300
206053009
590070600
007000401
923000046
400005030
670390180
-
504206089
080007410
370804520
023100905
108005002
650029831
730681094
001040050
000750000
-
670003000
580600002
000058003
130020090
005879001
009005724
028301000
006907208
091002306
-
830015670
752490138
096083054
065348700
470152300
000007000
603074910
501030827
087521403
-
079003540
548069130
032400009
710234980
284001007
963587000
426305090
090840725
000912063
-
400203000
001094300
920000160
198050000
206038090
300029681
004060500
002800007
850371206
-
700000000
009000106
146800072
207600010
360400709
000201653
970500031
000700900
005900407
-
080120507
021579400
509086003
048367952
005900001
000801004
953014628
860035049
012000735
-
207150689
851060340
000380100
070648903
005003800
089501076
008732590
790005068
524806700
-
053007000
604809500
007400000
060304792
372590041
000172630
098653074
700040000
006020080
-
840130570
502009300
910500426
125900600
087600915
000710802
058090004
000250708
000846000
-
000304670
934206508
060809000
010598060
508463021
693127800
749000035
850731090
000040000
-
509100046
047650120
002000058
008067932
096020817
703091504
230080471
001000005
004205603
-
961320450
400056200
005400060
007810906
140037002
086004730
010503000
650081070
893740615
-
900005000
006008304
874060000
025607080
300000506
689504000
703800150
108003460
502400037
-
060000085
003050604
007069200
010493000
730015000
406700050
309000070
674381529
051002006
-
960100050
500007280
000009164
010503098
470980032
839006415
003402001
100005806
004610900
-
004035698
530006100
068910354
073000009
400008503
095100062
340601980
081004206
057020031
-
091304500
400008003
082500100
534200900
029006070
600490010
050001600
200080700
907052800
-
675000090
280095710
390780205
160008952
023500040
450120000
000970104
806300570
040801326
-
534200009
006430050
002560347
108720930
009000270
003105060
000872090
980640720
407900816
-
604015798
300090000
058600100
030169807
081250069
206400005
040086070
879030042
060700980
-
400010070
867050002
000879064
340100000
002004036
708300040
005601480
103000025
020038019
-
000050069
420003185
509400000
200308690
048029570
693540802
302961700
760805901
980004000
-
800100479
140509386
009487025
010050000
200003704
400870000
021048907
060092540
970310208
-
005102304
132409008
040006200
053040870
091708500
860930412
000893000
908010623
000060980
-
080510630
005400182
062080540
006248910
000000268
200000700
000675800
690824305
850901400
-
060135798
900280000
108070000
406000057
007096001
589000000
800060100
601852079
030941000
-
803140697
001390004
000800503
060704029
070983461
430200750
300012846
680000100
510030900
-
009430600
650000392
738600001
000208016
501046020
086900534
963100200
000092160
002560740
-
694020750
500007039
300589006
006005000
035076900
900300860
250008690
760901580
089602070
-
640020890
002059460
100408037
261805974
300070610
470601302
000002109
820910043
900583700
-
501004070
420800006
089000304
205406100
008000600
097310000
312600950
906108703
804953060
-
062043785
803057000
050609132
106800904
045900870
790435210
024006098
081504007
509328401
-
006318597
000274836
000006004
020630000
005007010
073005000
008063201
760800340
352941608
-
500003690
610070350
000000812
400102580
100090030
903006700
094007105
070051240
051004978
-
730050689
589000000
024097100
095012000
300040590
260509001
950063018
876020935
000080000
-
040103000
301500478
060000302
000832704
000079000
086415020
610080005
400201000
070060189
-
260000500
930105000
078096400
106850032
000021800
702603900
690000380
003568200
805037100
-
003120097
000003102
102090403
300000648
008001000
596008001
700015320
020000010
931062584
-
001300890
376000000
508200060
102789600
009630000
863410972
904071326
030960000
015023709
-
051046700
476089003
209350460
560013004
000820670
008695012
605032047
000078100
820400039
-
860010459
047809102
000403000
020000500
759128046
604005000
080501963
310906724
976002805
-
839100456
007060008
526400017
102094700
790010043
300006921
083940000
051032804
070658100
-
302000068
069007105
780013200
038170496
006090000
197346082
000005004
954060020
873924651
-
680035400
059207008
307490205
275980004
000604702
964001003
000870341
743510806
820340000
-
950020074
000007010
010400500
500600009
106830000
000270300
695000283
001358490
003960100
-
000030590
804209137
030000004
060710905
000006000
790403210
000001859
506000001
041075002
-
030000000
008000264
047680053
400057000
060028075
370906810
700465080
090832547
000700300
-
400158060
598602000
106340058
200013076
010900400
085400900
000200097
064730500
020895030
-
031006000
802030400
070090031
020309654
000705912
065040380
253010870
004903026
610872503
-
001435600
870062000
600790200
010006002
007309800
068000049
100900020
952870136
734001058
-
390128040
027000108
001749600
130287009
000015000
200903010
702531984
080090200
010800006
-
090403006
030680095
078090140
050000000
380206000
409108350
845021637
723000010
016000408
-
682000009
010275060
745000103
050003900
130897240
007500800
503908614
020000597
000000380
-
062514870
904060005
017900304
249070003
051093000
000000491
478630052
025040030
093800006
-
734120506
926403007
008600002
105380070
263070408
879000005
000560923
600832754
350740861
-
000105609
167080305
003007008
206890751
000020000
719650830
000340000
874512060
631008020
-
000002650
400095008
592078104
205000803
108403090
073501400
609810500
704006980
021907306
-
008003079
250094186
070650243
410087090
007069420
506412038
704030802
000000904
920046317
-
046102000
257309600
390068047
103850004
984721536
600900812
500210460
410080790
768090123
-
300012000
450009020
020005100
142503609
639040800
570090302
700028050
805034260
060000003
-
000142670
040300009
000000084
275006041
983020000
060785023
020609430
000803192
030210068
-
005312040
003060109
201090030
300170980
700850200
000030605
140980362
938600057
506000890
-
718240659
020000000
650817240
002004785
347108900
800060030
084620390
031000806
076009514
-
000120569
690005283
253860714
060000972
509010000
728690350
310907400
900046030
400001000
-
000002058
020070390
703098004
057080602
239007400
048025910
000063120
001009570
902750040
-
380250769
006003018
057086020
123040806
070061942
460827105
014008003
002010000
000032481
-
130046090
050130200
206570000
300492080
600380000
094600050
029000471
700054803
083721060
-
920053000
700209105
051670049
405921063
109004050
682730900
210580490
847306021
506002387
-
603210000
409376500
005409623
014800067
092067008
068000030
807090010
950628070
036040805
-
209134008
000509070
054768230
000305607
326000095
500200000
002000901
031902006
965407302
-
061203890
500009040
903008700
006017983
009086020
800030001
007001200
085324079
400005608
-
000103000
210080406
789450020
108547060
402008971
000912840
970065000
030271594
500804630
-
906100548
103578096
058004301
080730904
407019600
029406703
094360107
762800000
305007060
-
097100840
000007102
010495300
000042050
906031084
205009000
081950623
060070519
029006000
-
005100607
003407080
170509043
207930804
600002030
039805006
000000902
592378000
764000358
-
040300009
060800300
839007016
050128600
000000500
697034182
000745061
016083705
900261008
-
400050690
690040000
537009241
000431059
109600020
370925106
003006972
700090860
005082004
-
093120060
428307059
001489320
170000045
200504600
045010002
657001203
910008570
030052900
-
429005000
000060190
006870200
000090084
294750360
008040002
081526430
302907500
905013827
-
009010687
840076159
000098300
000409070
467100592
000002060
780941030
534027000
012600048
-
080200097
074635100
006009345
205046089
000087200
807092003
700000004
490000036
600000972
-
908100056
003007001
021856493
000600005
200080007
500901040
860005039
090000004
435719028
-
074010589
000000067
583000241
120300056
456000803
390006712
200830104
731604028
849000635
-
503142008
407000090
061879500
329651847
046798050
008403610
074206005
015037420
630080970
-
140320060
560100734
003074005
215807946
030941502
009206170
608003400
320008600
070400050
-
008104607
507089431
000560009
081000000
009000018
023918500
075001003
346802105
912000860
-
009120008
260078050
007096132
423069001
500200000
010800047
082653974
090000823
030080010
-
800010407
703456200
400890005
137600090
258739041
040100723
000002000
560978004
974361050
-
250137086
000000100
381069507
100870942
620954001
000021860
802503014
004010630
000608200
-
060105789
001009500
930600241
100760305
004390008
693018420
056400073
009800052
210000804
-
002000709
690108350
384500261
043805900
070209040
010074003
801000092
405080030
009000010
-
070004006
800390120
124060307
000059000
006470219
300126008
702080061
491630070
658740932
-
006120789
820049100
000085040
030407000
008000517
007018400
904800230
300070095
050001870
-
394025008
801704290
275680010
040367902
009000001
506910030
080000709
457203180
002070500
-
000300000
340060058
007091403
125478309
000009040
408623700
201036004
904712586
506004201
-
030045007
754819000
200360000
420103000
060070051
900086304
049000710
072931480
186024039
-
400310608
680090054
091006273
240037000
178540302
300208010
000923841
930800020
802674030
-
060030080
070600000
023008060
150300708
009004356
307506002
690803570
012457603
735060824
-
905104607
870050100
100800003
049000508
081000700
350402901
010245890
060000205
090618070
-
049000760
178304000
265798014
000109000
007053026
090070451
730521089
680930000
000400000
-
047310500
010050020
285796000
106200007
470000060
590167030
000801643
301940208
824003000
-
062105790
008060354
000309000
129034500
075008230
003012040
000056013
030420870
001073005
-
000123708
010460000
038709040
000095870
849001600
307846900
584900200
073502009
000034507
-
400215600
005300100
136700005
607020000
390147060
502000730
050476008
724801906
003052071
-
805200079
203000000
760000000
030097065
609008001
570000493
000060034
451703900
080040200
-
025013090
104208000
000596410
209140080
500000941
403087625
000801570
000734060
742609008
-
327000000
096087130
040009207
435000978
968470001
170098400
000700816
680950740
714026305
-
090042607
040350289
260978143
400731068
130080705
687009314
504007000
000015400
900463571
-
006140597
000000020
000607034
073081965
500900040
009000700
680210300
000030070
325769400
-
000134968
016809057
040657213
100008724
009241386
204703500
000902605
052000079
600410032
-
309200568
280054700
071600240
493002600
025006984
060405002
904508020
800020456
000741830
-
507100030
008007204
400308500
384250970
720046351
006073800
860000020
000635780
900482165
-
620005780
901000205
000200314
050908000
000502841
310467592
430070906
176359408
895604107
-
109204068
802016497
600798013
517643982
000009150
060125370
400060700
706351040
300000000
-
600214890
000076245
472009000
007000600
048630010
906128074
891050700
060092001
005060000
-
430125769
670038125
100700300
281004506
095806074
760000800
903007601
006000007
507043900
-
380105900
076820103
400007000
140306029
060708514
000010376
600483795
730960000
894570631
-
270010689
010005320
060000000
030040108
000850062
002100403
720461095
058032741
001580200
-
203106598
000009017
600080203
100000862
060020000
082610009
800000975
926701084
007400000
-
063000090
080009200
905600143
017405982
008076005
530890704
020960800
856710429
040082601
-
109040760
856109203
047000100
462810005
791524000
385007002
003002897
578030000
920086031
-
900000568
052000009
080750241
000890615
076040000
810030007
301600054
408075030
060014900
-
207100560
015800000
036072148
043205076
070680402
628007905
891703600
050910207
702450300
-
000314506
410080079
500000314
047000005
165009700
839702641
050978032
304001050
900435067
-
840032079
916500380
370090041
264901007
500000920
700400050
198270000
000000208
000860705
-
920310600
301000700
700060503
109004820
284100905
500920400
493000000
000092350
802740100
-
400060790
150078460
768000050
210000806
000601030
030080010
380546921
000320007
600010340
-
250346789
308701420
907000003
076020891
003009672
000060530
634005000
812634900
795182046
-
735004698
000569304
906000120
024000953
009051000
578390460
603000000
000000016
051080230
-
000024098
480356127
520080000
107008000
030005901
095041003
758002019
310807654
964503700
-
250304609
010069048
006020135
000270950
090843010
637005480
069431500
025600090
000052864
-
079410580
030685297
000000000
000040970
006798020
900150003
003501000
000007010
720030608
-
150320894
000405617
496170200
060704928
720831540
084200371
805040100
043600085
610080039
-
590300680
600290430
740506012
400020890
201600700
930408021
320000109
005902368
809700250
-
040050869
000406030
920700054
000875346
074600010
605000702
000507003
001260470
530084620
-
100405089
039108645
854670230
046390050
300280010
080560304
507013000
028750190
613002078
-
003120560
000050201
002690004
206009040
538060907
009280000
074010302
065940078
021873406
-
650028739
128379600
070000008
009002860
017803050
006047021
701600000
490700186
860290003
-
120734080
006009200
908056030
250481906
617092008
800000010
080020061
470003000
560000793
-
059210070
830405020
000000405
010528796
090007581
070106243
003001802
085670014
600830907
-
260304507
080200049
007090000
026759038
000108906
300406751
630500804
902080070
800903600
-
004210050
700003096
052700140
020385479
009002005
805064301
200839064
900541702
503600910
-
000005709
050140030
023070100
000803904
305010682
048702510
097400300
630500897
012307000
-
308200076
056709000
000600239
034006800
000048600
807952040
602500183
015860704
783000900
-
000030009
030000520
725008104
200051060
508700091
100400752
682374915
350009007
400512300
-
908100470
100060290
620980310
305009701
070618500
004005060
031000800
090803120
502041639
-
500006478
106027309
007459610
010000900
000700584
008503701
874300096
031902000
050048107
-
065002078
709480306
083000000
000628400
802054160
040091200
900846053
038279004
074513890
-
005170060
800005170
100280003
010560984
048001020
697024301
300090415
981450037
004306290
-
600120005
500000090
720509068
209600840
000040500
340008906
400080009
986001004
002005683
-
030612084
872009056
006070329
364205070
000007635
758100040
093054008
000003067
027001590
-
076100094
090500000
183790065
000800906
615000708
840076521
032680400
468907002
051043000
-
853102007
697000002
200050068
020600903
300908024
400523601
906030205
004070830
702805006
-
070005608
025140030
603070020
096000873
307800416
400003000
912087004
068400002
530000780
-
290030560
765008309
000060007
102000604
530246070
600790030
417650082
826014003
050870006
-
430007928
120080674
800640315
014506000
009810000
008724169
062938450
583000200
940260807
-
008120000
239405718
061098240
104000382
682300075
057842901
025900030
876230100
013070004
-
159240068
230800009
048000235
320086150
817534020
095021000
402390801
080002543
570008600
-
578010639
900300007
300096205
139020804
426080003
000463021
003805006
094070350
607932418
-
004356089
370290001
908400050
023607598
096820307
000139000
741062035
682500074
000700126
-
040310687
083006102
760892045
400530710
000004930
300060050
295003070
030040060
600000823
-
000016000
057030401
010000200
209060857
105000000
836970100
401000529
502091000
703520618
-
900104000
471658093
286390051
124085360
395001004
700439002
800006000
500943628
040000035
-
001205978
409130200
000069310
040600029
003512080
000400631
856920000
000050100
000076850
-
100040067
300070298
260005314
003761980
006009000
510008670
732904056
005307120
080050043
-
751240000
203008157
090000302
304126805
000807030
508009070
130705964
960314720
487902513
-
085100000
329400008
000805432
047031800
010080004
690240513
850000370
901060000
760350001
-
900406000
506100040
000089036
008030064
347960052
620005013
400012390
700600020
892350600
-
100300069
050100700
962007003
380000904
210000806
090000201
509800000
036495120
001602390
-
340100080
020370405
706005210
203807694
004000008
008049000
010036057
500201906
869704032
-
020035690
009000003
000800412
000513004
000682001
105709820
351020708
670450139
948300205
-
916200048
348617500
075409130
150004683
604908210
080103054
500001820
093570001
021096375
-
100020408
040180200
230009105
351000704
009000501
400003906
503002840
000430650
694800302
-
500203476
000500100
610480502
230100050
005642903
809035600
051020000
902871340
384006017
-
964032087
217008300
053967214
008625903
596080701
030700056
020500038
309000005
705003600
-
109300768
040600952
608209100
010507496
700900280
894160003
901400027
530701009
472896000
-
904005607
710080000
803670410
370006000
462098103
501400700
080952040
049061870
000800091
-
064070080
921005400
708400005
386500970
102938600
400007000
600000000
090213500
240700000
-
000260080
039485000
208010403
300120960
016908002
027530040
002001537
000050298
800070600
-
058237000
493060080
702000503
607400000
040013050
000000000
071029000
034071002
000004105
-
280510603
017060045
650004000
025000000
069050012
070320900
140872530
592600000
730900006
-
020305009
890007030
750869004
310000900
270196003
649500080
061930002
400750006
007620508
-
358140609
164070208
720008050
030810400
940005000
087090510
410007060
896450723
072900840
-
081034509
009016208
245809163
130902706
590008012
028163005
960405000
810300054
403681007
-
098230650
207159430
003607009
000360000
006078940
805900000
080700592
050026374
732405816
-
720010890
069250173
500000006
003600080
086007004
907008012
005072409
402500030
078943520
-
240000000
100800005
805640000
000738692
020419350
379520008
710984506
060370980
080200700
-
400025000
108009000
790840135
200490003
000000020
000230070
931080040
800960010
670513298
-
300506879
005009030
940237516
230908605
109025300
580763090
752300068
010000953
093050000
-
503124009
207350004
000607200
309000800
705810643
480032000
931000400
002480001
054970020
-
600123408
803400209
000509000
006240703
030000004
040900612
081002005
500394860
060050027
-
950004300
040509200
208360005
023056098
689200750
100408000
001642570
700830000
064001803
-
692043500
000050360
000700024
204601070
010930800
000425001
403506018
961000003
825314700
-
000318907
080472000
400690020
105200070
070004810
094160250
348020500
001900006
569801030
-
437120500
061408070
000530106
300285017
000370080
000640050
010050769
850700021
070010035
-
900020000
000436089
060098305
012084000
386970504
097650032
649013708
800007090
000860200
-
006247598
490108600
872500103
010690874
749010350
658400900
504000730
301750009
007320065
-
040056709
689001200
720080163
058002006
001697800
067508301
502004600
814003592
396825400
-
001200580
480057300
350601209
000730628
208569413
034008005
800300900
700490856
049076000
-
012340069
400109030
600000450
125793800
046010507
700654003
000000082
203580900
980426070
-
859060437
040009006
006374500
008720050
000908001
197630800
980006370
000897604
604250080
-
506000000
018792546
904560102
102647308
009005671
080039005
240001007
065073200
790000053
-
537218000
040300007
010407320
183502006
650104700
704930850
075020189
001005470
300041260
-
403100096
682300100
190000340
031967400
508403070
009000623
004710008
817230569
006090000
-
100305809
080170000
300090604
040630081
010000047
000051026
574803002
030020760
026710400
-
009100670
726000090
841679035
284700950
005098020
390005800
953846012
012057000
478902060
-
006140000
478350000
032070049
300800905
261405030
500031624
720500098
613980402
005210076
-
704300690
068001007
005090408
670135800
080706030
043289756
450073260
007562000
026904003
-
007100008
148300000
300708000
000070169
019640782
070001543
790802304
000017926
201430070
-
400160509
861593007
095040006
309001005
100359400
520607001
003816704
002030008
640275003
-
612007580
004009310
590008047
040300950
289060700
730000601
920040870
308701405
450980160
-
495130000
000485310
001069400
230090100
547610023
010027546
150006000
700941000
064000791
-
000003568
085400213
300650090
139042876
040036951
508900340
790384005
001069407
003005000
-
008102709
940076108
007003045
406020010
019407003
500619804
021000500
690000301
005761090
-
640000708
073108206
008640050
000009004
000070900
389400007
700360089
834020670
005784312
-
108204500
536107000
092600137
203046009
000780002
987000645
764913050
029075000
851002073
-
405030678
100406090
030090150
304710060
581029430
060040820
000374985
000901000
940080010
-
859100300
603579480
710086205
340061872
900405130
162008040
290003050
430657900
000000013
-
200315000
007020306
010080005
326054879
090006500
008203000
600900050
905032160
741560020
-
800103760
104790350
097580020
206001005
900407080
700269031
081070590
030900647
400020813
-
420100708
083067109
000000230
000081006
005604007
640792003
051076900
704300051
800910370
-
000203609
372169000
906085000
030002060
060038700
200510090
010054927
405607083
000321006
-
006003075
203479001
701568009
100205890
004016507
625900014
010754008
078602100
069031740
-
600142507
002580000
854679123
008407030
000960012
007025060
006830001
023700008
081056379
-
000004090
001009240
900286107
280000014
160000870
700130902
426890053
090765421
500400600
-
002137009
187029560
409560217
048200706
073694800
906805340
000081600
090006108
861000930
-
590104007
032569148
410370095
245001070
179006002
600007514
060002750
027610000
050703621
-
039120500
200083000
065479002
100090825
350640970
798215406
003051004
014030700
520800193
-
025070400
093400100
147609325
060240000
200031604
070806500
734008206
502060709
900020800
-
920306700
030002060
048509013
104900002
050708301
080124600
500691420
810040957
090807100
-
090400600
084076920
672008051
120504009
950007010
700030002
200800146
810643290
460012080
-
053027009
709360425
000589100
400230016
201070540
000100300
500802904
342095600
908643200
-
005203768
400067090
200098453
100052930
030901800
029030016
000705042
302419680
054320170
-
070105098
289437000
450000007
520781640
608294375
794056002
005900706
007510924
002608150
-
002040700
049007035
570000460
350106894
004000001
901700000
190470008
705680040
400592017
-
600015780
902008106
100006020
000604008
390087502
086029010
830900045
407053091
529001000
-
002140750
107069403
000085210
060501930
304020105
570034802
020317508
040096321
003052607
-
030125096
056087142
018000357
067200508
002063071
300070204
671902000
003016029
409708600
-
052003689
946280000
310700250
000039528
000800001
829400367
600000735
030560900
295317846
-
430160789
162089300
780354000
050007008
000915407
047600200
204800516
010096800
800000903
-
837210000
002365701
015089020
243608000
006090473
000003060
100530040
309840207
750020138
-
160205907
320009610
400081003
254108396
791300020
080002070
517020069
000406781
806017000
-
000050000
092100046
670049001
256470900
009521708
700000024
000092430
003704085
000830002
-
502003709
900204105
310005200
004510800
006472953
709608010
800950600
470306008
000047320
-
607003009
409000317
183759406
000076040
060004900
904001630
092015000
510307094
040092100
-
000034700
000068130
138000260
370009050
410800007
000427001
720086913
003041072
501302046
-
200315067
100470089
000080003
300128700
814907352
020030010
900800200
000091836
607053040
-
007100580
198400206
302680710
230560041
086310970
401008065
704890003
065040020
800256097
-
006152839
583406170
029370400
040031098
730509241
091820703
900000304
000947000
804610000
-
179230058
050000409
004790321
347800000
526000083
081570060
090600132
000081507
010000006
-
070120080
000358027
080690100
329860400
400509062
068742391
630070000
890010750
051280609
-
000014708
140307005
082000130
201070003
007405000
450002080
013008540
570900320
024000800
-
120407509
400065003
560289140
056748390
314000802
807002400
700621004
031094005
040573618
-
053000809
089500060
671209000
100020090
002050083
090670205
007002036
328060000
016304728
-
200043000
063020009
051607028
070000804
008516790
905700000
800072160
500060243
632450007
-
402305709
090400035
530090042
243150960
600039000
000600010
020061078
904080020
080542091
-
300060700
000018006
000700132
630002059
000009317
810007004
724050903
500923471
100000200
-
613420709
078060004
540370162
300247600
000530008
000000431
000900547
834002016
057610823
-
450230879
000001030
030097104
360020490
524189367
000643502
710308045
003502618
605010700
-
973100005
050030149
064050230
320006001
047290060
001005700
080700410
000908006
000502000
-
450320078
006081000
832579006
123705004
008004197
040000030
685010000
009640051
010807060
-
000030700
800190346
004000000
036720005
729510403
150340000
013200867
000000000
040060200
-
300020756
070300002
020007000
210006870
509000063
067030900
901762000
700010000
850493200
-
675029400
043057210
201000007
560731900
004500671
000060803
109046002
780912305
002870090
-
080005670
006410508
305600402
010200943
050103720
430000851
008000000
963002104
021860007
-
006045080
750810000
004007300
000084036
405293870
308156000
541030020
000060103
630001000
-
406203000
185460200
000705601
020830079
731002064
968140320
300000702
802370006
000900450
-
700032040
002495170
090760025
120604003
547000296
030020014
000250000
000907861
900300002
-
050100609
308620107
000700235
419067050
570819002
080000901
005070398
900302516
030056720
-
008300457
000450198
150700230
006170509
405290060
010000300
582940613
003621905
601005004
-
809124307
700085200
312600400
235000980
180950002
607800100
070030090
020567843
560000720
-
070205698
900086470
186070020
568102709
217040500
400607002
890520067
701860054
645700080
-
670025090
245300000
391000005
000004030
006003419
004870506
400010950
000008002
869042073
-
006034700
942175080
703069000
000000000
460381200
200097801
581043092
624918537
000020000
-
004105760
817200300
603789124
236090857
105067000
080020640
000008013
560310009
070050406
-
516240809
038071425
402000010
267034950
145908702
009520000
650702003
721006094
800410207
-
004100578
503078029
070906140
348020000
067580000
259700804
020845000
086307201
930061000
-
090006400
010080090
087059162
003768950
048920007
070001206
962014005
054090001
800502000
-
600004059
720000468
050780000
007403690
300690200
100275000
500802007
872940000
004507012
-
760000480
120000097
483079106
270010050
004357060
300920714
000000040
500840000
000790238
-
504217098
000305070
071080004
407852000
200003845
008060702
910026400
600001050
742030019
-
200106500
030402000
056097100
502700040
398260010
040905000
000078002
870509001
923040000
-
380614059
194075080
067809000
659400108
248100635
010506490
406050020
000768043
000241900
-
905100087
030000590
724500000
040071958
379050001
581900703
812705304
453618200
690000010
-
500020000
000850200
700000400
130048900
007003500
284006713
026475109
300002645
400000072
-
030150780
000700040
097040130
450300000
321060057
070020010
702004000
043600008
065980470
-
000008000
720560189
861009305
247006953
900302761
316050002
000691000
002035496
600200017
-
092143578
580072039
100090006
013469057
006001004
009200013
305984701
000005300
071020405
-
095100000
060005102
412006030
020709063
000341009
000008714
000964005
900003640
300500008
-
509103047
400000302
002406598
000968753
637000080
095317006
050730800
263854100
748600235
-
807020500
690000040
405089010
004008273
760015084
389047051
510700000
900430105
006801039
-
603105000
850293140
149860200
035010084
060500900
700680523
012406009
504908301
086371450
-
710005000
680210045
403098120
120070508
800036200
300000700
001000000
000001970
060700413
-
408003907
502409163
300657082
200730895
780000020
105062374
604370009
830905206
901240730
-
800213796
720009038
000080104
493506017
008390000
070140003
087030640
610800000
030671080
-
004200680
610000470
980560010
439120050
208456001
065300208
523601800
001080560
096700024
-
005240807
000100046
300008005
068902570
207081903
030467081
890004750
021056409
400720018
-
080420500
905167028
073598000
104309070
360054912
000206000
812640730
050031204
406902001
-
040136500
730200096
001500000
026005009
004981000
958462713
803629475
500714900
000850200
-
201045800
060129475
954700100
000600204
406032010
107590000
049001008
010000740
732486051
-
005203004
941060308
063000715
080052900
719006002
506790103
090804531
450600079
030900000
-
000032400
380450002
000000007
290740005
100006070
600980014
000004906
703869520
009215743
-
397100000
245600139
081059207
074038900
023001780
069470001
030705090
052090403
008040670
-
540236800
690000020
000098004
132670085
800400000
400050630
265780310
310900708
900010240
-
005124700
080057020
010906000
600700450
000502670
500000902
001645037
750031090
843070001
-
804025960
002000080
506090030
059007046
080000372
360200009
005803090
700051020
098042053
-
805030006
300450891
040000053
120584960
000003502
950726104
084305600
617849305
530061008
-
007032480
231480009
046057120
000701208
028543090
074820010
010674030
082095001
703208904
-
597000038
000005000
030708025
012043859
050870300
068109040
000937201
870006003
023481567
-
210340769
369000254
070096380
420000970
087029005
090500812
900760140
846900020
700002698
-
809200437
020487596
460395108
516000073
948073001
000059004
030948760
084500309
695701840
-
300246809
406107005
782000060
104000583
008305942
000024017
040070308
903458720
817932056
-
470102098
010508037
380470100
260345070
590601040
030097065
809056002
720000650
003214789
-
697132540
030050002
000004036
218000479
046729810
070010003
050041687
760305020
080070050
-
460030090
580007600
709680005
037050080
100020543
000309071
050000000
602070459
978040312
-
020045680
650000301
800300000
235480100
060001735
010000002
000600050
500830017
180054963
-
000035600
052400319
807600204
004009706
078364921
206100003
020046005
765810002
480050167
-
078124309
930570048
104308000
450203980
080005000
703060500
000987006
800630090
090400013
-
000100000
072090160
000768050
010652987
789031020
256879410
000006002
607010845
000047690
-
093000600
584037029
006000300
205760091
617398040
040005030
900000207
001000400
072800900
-
902305008
610284095
000007142
250170836
083000010
160043057
825001473
301002080
090038021
-
200010809
703289065
980467010
076054903
400100600
020790001
600000008
800531206
500008104
-
300010608
008593041
200670000
439160000
567000193
002709050
704000315
126300004
953000762
-
601230759
002017080
547089023
103400070
098000206
006020840
305700400
200050097
879040002
-
734102689
002000300
609700400
140820900
890310000
250064010
460000007
320009140
975240806
-
000200098
800064200
100508306
005902681
000605930
000103754
060700003
003426179
270000000
-
643102800
700300050
059607000
030000000
418700500
070008010
820030041
061070398
394000020
-
003025470
002000501
951748206
000214860
020983050
030507102
000679045
367002008
495830600
-
250316009
794000603
001000285
070053894
529080700
040100502
417965020
980732000
030801000
-
001000709
098217005
547080006
156904300
374050291
809103064
700598040
902741003
085030910
-
310000680
050102047
497600052
029050003
060031295
000028006
900060030
241305908
036809504
-
010263000
862097305
000008000
000010500
030602407
400030020
281300000
050001204
703920800
-
040000090
920438006
105009034
610284000
290000600
570096800
400007060
700920480
059640002
-
907030040
105087209
000000187
516009800
428301000
039500012
050094008
870006050
000853000
-
408203007
007009013
109587000
000705608
080020000
976008050
640900085
050840029
890301740
-
540163780
010070060
079280143
054030670
107850090
000040251
436010920
900620035
000304000
-
805043700
200050400
403670105
002037046
348906517
600405203
020000001
984561372
501080090
-
400120370
910374200
732859004
360281940
800000030
070693825
540062080
290030406
680007092
-
857123009
130050000
002090350
210009643
040605102
396200580
021007834
680014700
500002010
-
200100970
800000120
701800304
300581007
105049203
000003561
638905742
900060835
502730610
-
139205070
008190035
502308104
203009706
495001382
006500009
900703000
800006003
361854927
-
327010908
095623007
410700052
008150096
169007500
704260183
980546201
601902045
000871000
-
041207009
023001000
070900031
150379800
080000903
360825700
730000005
500708340
002653000
-
640210809
978400210
501098073
004000092
235970001
709102045
300540900
096021534
452039000
-
051240609
740869003
860100020
476301895
103500000
205796041
008950074
514002000
907010050
-
008130500
095260803
000508200
137605928
689001405
200903700
010000049
000350180
870409350
-
907230008
853007020
020098030
200470815
005823970
040009003
090380700
082005301
006941500
-
657100409
104600073
038409165
425908006
781000092
060010008
000796854
840350600
576840001
-
153408007
006001000
782009103
210050900
008207500
079106082
001035009
600904035
905700400
-
800320679
004187000
023569401
357240890
040970305
089653000
000730910
900016038
001005762
-
210340708
064107003
000008100
423601087
570980000
680204030
050460300
030015049
006030010
-
600420879
703169402
402087361
508000900
007058030
049206018
900710203
274835100
031692740
-
091030070
200050490
560700031
000090080
008463910
400807002
640971023
300000149
900048657
-
000217580
980305102
010080730
003040207
508006900
040152803
600020078
801093025
002000600
-
396104000
420380619
080690420
203708000
070000862
005269701
038900240
700030000
902500087
-
000040000
580010234
079080105
132490608
708602950
000001400
050900012
963120047
000300890
-
736102480
401030500
920006130
250007900
064908000
870300000
342000000
500260090
098074213
-
030207809
270060045
691405030
000053028
002974050
359800401
500000000
800002097
960540000
-
176000050
240658100
003000062
310704690
005036007
068502000
600870004
930460520
050000000
-
509014670
630508094
004760503
045003067
103047900
098206431
070901205
002400306
050600049
-
000016809
901080000
002739050
067002038
500078600
100005940
800047320
000600084
243801700
-
009123000
380507090
056008703
134280675
608000940
507600002
070836150
865910007
913752480
-
900105380
210604709
000079002
728003004
149000800
300490200
892700063
030006000
067030018
-
670104008
580207004
000600172
129080607
305720080
060010003
007045010
016002035
053061709
-
230508609
087263005
001700280
000397862
679080050
800156097
096020704
700900026
000670038
-
500040689
904002300
681030204
100495760
700316902
496278500
040901000
800720450
007054190
-
405006037
163009248
020000065
050060809
000000050
836957402
009785301
008630704
372490500
-
938000605
251073409
607089023
070250036
003000902
025906004
312068090
000395200
594010368
-
704120000
001085300
850967104
100002450
020600010
500008072
402800760
008576240
605040039
-
900004008
001506200
063920050
000803407
539040026
487060315
290080503
308690700
000402900
-
020103000
630508200
000007435
218730946
000014052
300069001
453000020
801400090
902001564
-
038204006
906000810
720860000
004723900
203100000
680405300
012000640
809540000
400032189
-
970140080
000087140
104000600
250460003
040908000
098735412
009003004
000500930
035096271
-
040107009
187000005
600004100
296003578
418275090
073986400
800000010
901000750
004501682
-
800135740
050240030
400070528
145306087
608054203
320000405
710090004
006017392
094000801
-
006020085
005006209
832507006
140003807
003000090
000000603
620005000
000602010
704830962
-
508130490
209500000
034860207
002013000
097600004
015900860
700000509
020740601
800301040
-
209600738
000200409
300480025
023060007
785390206
100000803
802043000
000026380
634001000
-
910204000
062000809
057896024
240710053
180003070
003509010
500402790
000300240
704961000
-
785310469
200400538
000586270
307100904
060034705
050070000
840701396
673948052
090623807
-
009000000
086007591
700089040
170564982
600093104
000012076
562300400
800421635
314906700
-
068105370
300040250
952036018
126093047
843600900
500000630
709200503
610050792
235907180
-
069023470
100400320
204000068
370604810
006231507
012850003
043010200
020080004
690342750
-
042038007
003070005
006549130
450390270
200487001
301000908
090015023
800963014
005004800
-
900150607
700302059
000097240
100048765
250000004
680500392
060405908
005730400
402010536
-
270018405
315020708
409005120
000096300
003100500
021000906
104962857
008053200
702801030
-
508000079
672050103
130600400
056010090
301060502
080005361
903846250
700091830
865270010
-
407250090
080019740
690000020
103045960
769132800
804796012
978020036
541360089
236084000
-
738402009
001056000
560000000
000200600
006148300
450030810
000980257
305760981
809000030
-
970035008
500080109
080009300
000000870
064000591
708152436
009000783
300820905
805790260
-
200040780
490000026
800329014
024905600
580263001
060000058
940000167
050700490
012694035
-
372054096
600200700
001700030
200513004
104920063
039648000
045862010
803005020
026070400
-
048127050
075689241
090300000
001275093
230906805
569010070
713092508
020000000
956738024
-
180400567
030600000
062591380
318276000
520049100
900305820
657000010
000054638
000160009
-
600100794
000400002
200608000
156009470
409300800
830540906
500001249
020900100
391280060
-
408210090
000000240
702480000
243059780
609020300
150060420
870032914
316948070
024571863
-
400020697
200090458
900008100
320001986
098300070
001980003
846230009
030700000
052819364
-
080204605
642050307
500080100
108000000
000370051
200591800
970802030
005000429
020945708
-
907000080
100060090
208090135
010009028
082340017
070201543
725810009
406902800
000000074
-
060100870
100807036
097002145
030000600
270001590
006704028
740006080
080423701
600078053
-
648002597
003000248
009708130
130007659
507319824
004506003
086900302
025803401
301264980
-
100003600
050001382
090060740
200830067
000105020
803024000
004906070
000352004
001087500
-
875123000
000000200
432609075
001098760
346275810
790000352
614832000
500904683
980000421
-
320100000
496508032
100920450
003701960
749086500
500300078
804010300
000000000
630090821
-
030200408
000580170
100479236
348100960
500768004
600904005
700800600
026097080
801002740
-
034010750
197004268
058670100
300700605
405190007
000805410
000067820
012483006
806501934
-
576002840
304069007
912400000
009005408
005821900
060300200
603210000
090053082
000046030
-
004020600
000308240
000470503
000207000
300080002
600940700
013006800
820004067
705000190
-
689032570
100000009
402760013
014000000
068027930
090510042
871004320
906301050
345280090
-
537000690
028030040
600800250
200301984
104720305
300080102
713065000
095073010
400918500
-
600004780
001209536
700856412
060395804
000680090
908421070
000500900
384000150
519040000
-
500020007
600007830
304009100
240600070
030700200
780005300
860014002
921000043
053902000
-
004020308
200378410
831409572
420603091
106080703
389041620
040807036
090200154
610500280
-
081204609
002170008
576093140
040000906
263049000
859301020
624037001
700010290
908005703
-
017304908
005079023
930810075
108036000
093100280
074920001
702000609
301200807
000061352
-
890310506
001200400
400090128
568173002
000860750
307045060
010000305
004536207
253781090
-
910273004
027081639
300500100
040000950
259048300
670000801
700000008
060000793
800090265
-
913420670
007109400
040678090
000501067
069740001
570006084
100002740
002067000
756814039
-
285103706
076592040
410008205
120000000
507489321
930200007
842360500
601900003
703004012
-
000200095
759408362
403569718
005106900
801390000
697824531
000702159
512940870
008650200
-
090043070
001057930
370600000
009501483
107408592
584932001
910005000
403006000
050014009
-
034200089
802040106
701589040
027634590
406198072
080000004
005003027
240070060
678052930
-
810006009
700140500
406708000
243000050
178062090
060374812
004000020
901600705
007400060
-
421370689
065209403
709406015
102754096
000160020
356802741
500647032
070008054
204000007
-
000210500
170639200
290580006
000190625
008072000
012356400
000061750
009023804
001845963
-
700302598
000009376
530760000
008093760
267145000
301087052
004000030
020970845
175004629
-
095120080
130008459
768050032
200310090
080506200
904080005
070030020
800005903
023040016
-
100000580
804109030
372008190
003900005
507080901
690010000
900030748
481002350
735090612
-
520417069
080600003
691083207
009762008
200190706
006004021
058006170
010030004
460071000
-
014005896
036000020
825600100
200001000
070206980
000097000
397580460
500000009
460903050
-
023016709
900028600
060005123
109000000
006109804
458732916
090840031
380290460
040563208
-
689000400
004006001
050048306
275069803
306080047
900371062
003907650
007000020
090052030
-
270104006
008000049
010060037
000600012
504070003
190328750
740002098
861003020
902086370
-
057100809
436890517
080605243
028507100
300480026
700269385
000020470
009304050
142056938
-
061038409
040056000
250000106
107860040
000900001
698304700
000541237
374002008
002080004
-
026304598
035297140
014000300
250003804
301086209
068020700
040005000
080900035
593060070
-
930120560
200385170
800679023
040507000
370012604
509060730
093850200
005206007
012743800
-
070620489
200090060
900547130
069000810
400300000
758009006
001030050
507100240
804002601
-
071020080
902076000
006083120
000531000
130700050
058094030
203817500
810059203
060340018
-
703248509
940003278
280070034
008406700
020000406
407802351
002910000
050680920
000007800
-
850264379
740193582
902050106
003940050
000035690
507008000
005420010
080570063
014089725
-
001340590
630100284
500008003
100000470
070003901
900400300
000802045
002090036
350600009
-
762015090
009000076
004790002
206054907
807000600
950607800
070900000
690400183
420580060
-
050010670
794205030
018070020
000040080
000090061
070826940
041002000
007600802
800931007
-
000327940
307040020
024060003
018703090
035900000
079206001
791402065
060090437
843605009
-
200016000
965083100
400000036
100000000
300000910
580000000
700901820
651020794
892704360
-
270300469
534260187
009000050
340020908
000084530
081050004
020000003
400807295
953600870
-
079234600
248570100
306089207
604007002
791405860
530968000
910000356
800093700
060751920
-
080019006
400000800
392000500
030100784
178004052
000806913
026090000
050000290
914782300
-
007000450
005700091
061009387
028600005
403291068
006005000
700916543
634572009
500804672
-
275043600
690020074
040007000
107000540
589000702
436005800
900004006
000000427
004380900
-
800300069
030400100
020590300
209735804
150086003
780049200
002071005
306904002
078620400
-
605304079
000800350
800070010
506007000
030600700
479108620
380005107
050763004
702080500
-
981024070
006089324
043005009
100093052
008016943
020407000
400960530
030000200
002030017
-
600125807
700000010
080000030
500030908
098501072
200970050
901046000
860003000
473209605
-
631240509
400103600
070000413
087325004
309708051
502019700
954680320
710032005
803570000
-
703120008
400097216
102460005
200519064
081700529
000280731
005072003
000000087
900840102
-
100000008
020105007
004780213
300000000
048000630
000340782
001450306
030007129
700003054
-
106327480
040010207
030498105
305200894
004053071
610700000
491630050
067000002
820000000
-
000000790
906008040
587000020
250106974
000000000
019057832
705690401
401000360
803740259
-
000012060
620005300
370089100
008000000
149000703
060000251
416893070
000020609
590761830
-
501700008
080102040
000800152
349021785
158007264
672400010
865000400
204000500
793546021
-
065003970
938107000
274000053
016900000
007006300
400000607
002304801
641700205
893021040
-
574100000
239086170
600000320
120607043
467538001
803210567
006000000
040362900
380070016
-
010400670
060190045
700080301
082304000
473009012
000008407
001845009
850000164
009000083
-
500130768
601502300
340000102
005217006
189043527
067058400
020396010
006005293
900801074
-
601205798
079140000
003690415
008021003
105070800
300060540
710900084
900402107
804710309
-
052010480
074009000
008500201
407120053
001057000
205006700
043070090
026030540
710600328
-
080004605
540200018
136500047
000740963
461953080
307000401
005402000
024080179
073600524
-
160230008
850010400
020578601
430900180
070085006
608000003
080000300
543021009
900053720
-
400050870
702400561
000060024
028900057
007005082
590807003
001092708
970010205
280304106
-
230054769
605000000
071090205
000915847
140002050
089347001
900400578
760500002
003709410
-
009314670
000276800
000908210
094187306
030049000
780520090
408790500
002001900
067005102
-
041325009
520980000
003470100
105700600
060519073
700063000
470190530
310857200
802034910
-
001324500
006890400
400005108
138640902
900208761
207500830
000900205
319052087
050106300
-
070142603
169300000
304690570
290030050
430080062
800409137
703054206
910807305
045213089
-
020160598
006287300
840000627
100003000
430701060
978000103
609028745
004970201
200005906
-
586032749
429705000
037090526
008507004
050910000
970043051
090381467
800270195
060059000
-
